\Gamma 0.0 0.0 0.0 446 1.0
    0.0 0.0 1.0 446 1.0
    1.0 1.0 3.0 446 1.0
    2.0 2.0 4.0 446 1.0
    3.0 3.0 6.0 446 1.0
    3.0 3.0 7.0 446 1.0
    4.0 4.0 9.0 446 1.0
    5.0 5.0 10.0 446 1.0
    6.0 6.0 12.0 446 1.0
    6.0 6.0 13.0 446 1.0
    7.0 7.0 15.0 446 1.0
    8.0 8.0 16.0 446 1.0
    9.0 9.0 18.0 446 1.0
    9.0 9.0 19.0 446 1.0
    10.0 10.0 21.0 446 1.0
    11.0 11.0 22.0 446 1.0
    12.0 12.0 24.0 446 1.0
    12.0 12.0 25.0 446 1.0
    13.0 13.0 27.0 446 1.0
    14.0 14.0 28.0 446 1.0
    15.0 15.0 30.0 446 1.0
    15.0 15.0 31.0 446 1.0
    16.0 16.0 33.0 446 1.0
    17.0 17.0 34.0 446 1.0
    18.0 18.0 36.0 446 1.0
    18.0 18.0 37.0 446 1.0
    19.0 19.0 39.0 446 1.0
    20.0 20.0 40.0 446 1.0
    21.0 21.0 42.0 446 1.0
    21.0 21.0 43.0 446 1.0
    22.0 22.0 45.0 446 1.0
    23.0 23.0 46.0 446 1.0
    24.0 24.0 48.0 446 1.0
    24.0 24.0 49.0 446 1.0
    25.0 25.0 51.0 446 1.0
    26.0 26.0 52.0 446 1.0
    27.0 27.0 54.0 446 1.0
    27.0 27.0 55.0 446 1.0
    28.0 28.0 57.0 446 1.0
    29.0 29.0 58.0 446 1.0
    30.0 30.0 60.0 446 1.0
    30.0 30.0 61.0 446 1.0
    31.0 31.0 63.0 446 1.0
    32.0 32.0 64.0 446 1.0
    33.0 33.0 66.0 446 1.0
    33.0 33.0 67.0 446 1.0
    34.0 34.0 69.0 446 1.0
    35.0 35.0 70.0 446 1.0
    36.0 36.0 72.0 446 1.0
    36.0 36.0 73.0 446 1.0
    37.0 37.0 75.0 446 1.0
    38.0 38.0 76.0 446 1.0
    39.0 39.0 78.0 446 1.0
    39.0 39.0 79.0 446 1.0
    40.0 40.0 81.0 446 1.0
    41.0 41.0 82.0 446 1.0
    42.0 42.0 84.0 446 1.0
    42.0 42.0 85.0 446 1.0
    43.0 43.0 87.0 446 1.0
    44.0 44.0 88.0 446 1.0
    45.0 45.0 90.0 446 1.0
    45.0 45.0 91.0 446 1.0
    46.0 46.0 93.0 446 1.0
    47.0 47.0 94.0 446 1.0
    48.0 48.0 96.0 446 1.0
    48.0 48.0 97.0 446 1.0
    49.0 49.0 99.0 446 1.0
    50.0 50.0 100.0 446 1.0
    51.0 51.0 102.0 446 1.0
    51.0 51.0 103.0 446 1.0
    52.0 52.0 105.0 446 1.0
    53.0 53.0 106.0 446 1.0
    54.0 54.0 108.0 446 1.0
    54.0 54.0 109.0 446 1.0
    55.0 55.0 111.0 446 1.0
    56.0 56.0 112.0 446 1.0
    57.0 57.0 114.0 446 1.0
    57.0 57.0 115.0 446 1.0
    58.0 58.0 117.0 446 1.0
    59.0 59.0 118.0 446 1.0
    60.0 60.0 120.0 446 1.0
    60.0 60.0 121.0 446 1.0
    61.0 61.0 123.0 446 1.0
    62.0 62.0 124.0 446 1.0
    63.0 63.0 126.0 446 1.0
    63.0 63.0 127.0 446 1.0
    64.0 64.0 129.0 446 1.0
    65.0 65.0 130.0 446 1.0
    66.0 66.0 132.0 446 1.0
    66.0 66.0 133.0 446 1.0
    67.0 67.0 135.0 446 1.0
    68.0 68.0 136.0 446 1.0
    69.0 69.0 138.0 446 1.0
    69.0 69.0 139.0 446 1.0
    70.0 70.0 141.0 446 1.0
    71.0 71.0 142.0 446 1.0
    72.0 72.0 144.0 446 1.0
    72.0 72.0 145.0 446 1.0
    73.0 73.0 147.0 446 1.0
    74.0 74.0 148.0 446 1.0
    75.0 75.0 150.0 446 1.0
    75.0 75.0 151.0 446 1.0
    76.0 76.0 153.0 446 1.0
    77.0 77.0 154.0 446 1.0
    78.0 78.0 156.0 446 1.0
    78.0 78.0 157.0 446 1.0
    79.0 79.0 159.0 446 1.0
    80.0 80.0 160.0 446 1.0
    81.0 81.0 162.0 446 1.0
    81.0 81.0 163.0 446 1.0
    82.0 82.0 165.0 446 1.0
    83.0 83.0 166.0 446 1.0
    84.0 84.0 168.0 446 1.0
    84.0 84.0 169.0 446 1.0
    85.0 85.0 171.0 446 1.0
    86.0 86.0 172.0 446 1.0
    87.0 87.0 174.0 446 1.0
    87.0 87.0 175.0 446 1.0
    88.0 88.0 177.0 446 1.0
    89.0 89.0 178.0 446 1.0
    90.0 90.0 180.0 446 1.0
    90.0 90.0 181.0 446 1.0
    91.0 91.0 183.0 446 1.0
    92.0 92.0 184.0 446 1.0
    93.0 93.0 186.0 446 1.0
    93.0 93.0 187.0 446 1.0
    94.0 94.0 189.0 446 1.0
    95.0 95.0 190.0 446 1.0
    96.0 96.0 192.0 446 1.0
    96.0 96.0 193.0 446 1.0
    97.0 97.0 195.0 446 1.0
    98.0 98.0 196.0 446 1.0
    99.0 99.0 198.0 446 1.0
    99.0 99.0 199.0 446 1.0
    100.0 100.0 201.0 446 1.0
    101.0 101.0 202.0 446 1.0
    102.0 102.0 204.0 446 1.0
    102.0 102.0 205.0 446 1.0
    103.0 103.0 207.0 446 1.0
    104.0 104.0 208.0 446 1.0
    105.0 105.0 210.0 446 1.0
    105.0 105.0 211.0 446 1.0
    106.0 106.0 213.0 446 1.0
    107.0 107.0 214.0 446 1.0
    108.0 108.0 216.0 446 1.0
    108.0 108.0 217.0 446 1.0
    109.0 109.0 219.0 446 1.0
    110.0 110.0 220.0 446 1.0
    111.0 111.0 222.0 446 1.0
    111.0 111.0 223.0 446 1.0
    112.0 112.0 225.0 446 1.0
    113.0 113.0 226.0 446 1.0
    114.0 114.0 228.0 446 1.0
    114.0 114.0 229.0 446 1.0
    115.0 115.0 231.0 446 1.0
    116.0 116.0 232.0 446 1.0
    117.0 117.0 234.0 446 1.0
    117.0 117.0 235.0 446 1.0
    118.0 118.0 237.0 446 1.0
    119.0 119.0 238.0 446 1.0
    120.0 120.0 240.0 446 1.0
    120.0 120.0 241.0 446 1.0
    121.0 121.0 243.0 446 1.0
    122.0 122.0 244.0 446 1.0
    123.0 123.0 246.0 446 1.0
    123.0 123.0 247.0 446 1.0
    124.0 124.0 249.0 446 1.0
    125.0 125.0 250.0 446 1.0
    126.0 126.0 252.0 446 1.0
    126.0 126.0 253.0 446 1.0
    127.0 127.0 255.0 446 1.0
    128.0 128.0 256.0 446 1.0
    129.0 129.0 258.0 446 1.0
    129.0 129.0 259.0 446 1.0
    130.0 130.0 261.0 446 1.0
    131.0 131.0 262.0 446 1.0
    132.0 132.0 264.0 446 1.0
    132.0 132.0 265.0 446 1.0
    133.0 133.0 267.0 446 1.0
    134.0 134.0 268.0 446 1.0
    135.0 135.0 270.0 446 1.0
    135.0 135.0 271.0 446 1.0
    136.0 136.0 273.0 446 1.0
    137.0 137.0 274.0 446 1.0
    138.0 138.0 276.0 446 1.0
    138.0 138.0 277.0 446 1.0
    139.0 139.0 279.0 446 1.0
    140.0 140.0 280.0 446 1.0
    141.0 141.0 282.0 446 1.0
    141.0 141.0 283.0 446 1.0
    142.0 142.0 285.0 446 1.0
    143.0 143.0 286.0 446 1.0
    144.0 144.0 288.0 446 1.0
    144.0 144.0 289.0 446 1.0
    145.0 145.0 291.0 446 1.0
    146.0 146.0 292.0 446 1.0
    147.0 147.0 294.0 446 1.0
    147.0 147.0 295.0 446 1.0
    148.0 148.0 297.0 446 1.0
    149.0 149.0 298.0 446 1.0
    150.0 150.0 300.0 446 1.0
    150.0 150.0 301.0 446 1.0
    151.0 151.0 303.0 446 1.0
    152.0 152.0 304.0 446 1.0
    153.0 153.0 306.0 446 1.0
    153.0 153.0 307.0 446 1.0
    154.0 154.0 309.0 446 1.0
    155.0 155.0 310.0 446 1.0
    156.0 156.0 312.0 446 1.0
    156.0 156.0 313.0 446 1.0
    157.0 157.0 315.0 446 1.0
    158.0 158.0 316.0 446 1.0
    159.0 159.0 318.0 446 1.0
    159.0 159.0 319.0 446 1.0
    160.0 160.0 321.0 446 1.0
    161.0 161.0 322.0 446 1.0
    162.0 162.0 324.0 446 1.0
    162.0 162.0 325.0 446 1.0
    163.0 163.0 327.0 446 1.0
    164.0 164.0 328.0 446 1.0
    165.0 165.0 330.0 446 1.0
    165.0 165.0 331.0 446 1.0
    166.0 166.0 333.0 446 1.0
K 27.75 27.75 55.5 74 1.0
    27.75 27.75 54.5 74 1.0
    27.75 27.75 54.5 74 1.0
    27.75 27.75 54.5 74 1.0
    27.75 27.75 54.5 74 1.0
    27.75 27.75 53.5 74 1.0
    27.75 27.75 53.5 74 1.0
    27.75 27.75 53.5 74 1.0
    28.75 28.75 53.5 74 1.0
    28.75 28.75 52.5 74 1.0
    28.75 28.75 52.5 74 1.0
    28.75 28.75 52.5 74 1.0
    28.75 28.75 52.5 74 1.0
    28.75 28.75 51.5 74 1.0
    28.75 28.75 51.5 74 1.0
    28.75 28.75 51.5 74 1.0
    29.75 29.75 51.5 74 1.0
    29.75 29.75 50.5 74 1.0
    29.75 29.75 50.5 74 1.0
    29.75 29.75 50.5 74 1.0
    29.75 29.75 50.5 74 1.0
    29.75 29.75 49.5 74 1.0
    29.75 29.75 49.5 74 1.0
    29.75 29.75 49.5 74 1.0
    30.75 30.75 49.5 74 1.0
    30.75 30.75 48.5 74 1.0
    30.75 30.75 48.5 74 1.0
    30.75 30.75 48.5 74 1.0
    30.75 30.75 48.5 74 1.0
    30.75 30.75 47.5 74 1.0
    30.75 30.75 47.5 74 1.0
    30.75 30.75 47.5 74 1.0
    31.75 31.75 47.5 74 1.0
    31.75 31.75 46.5 74 1.0
    31.75 31.75 46.5 74 1.0
    31.75 31.75 46.5 74 1.0
    31.75 31.75 46.5 74 1.0
    31.75 31.75 45.5 74 1.0
    31.75 31.75 45.5 74 1.0
    31.75 31.75 45.5 74 1.0
    32.75 32.75 45.5 74 1.0
    32.75 32.75 44.5 74 1.0
    32.75 32.75 44.5 74 1.0
    32.75 32.75 44.5 74 1.0
    32.75 32.75 44.5 74 1.0
    32.75 32.75 43.5 74 1.0
    32.75 32.75 43.5 74 1.0
    32.75 32.75 43.5 74 1.0
    33.75 33.75 43.5 74 1.0
    33.75 33.75 42.5 74 1.0
    33.75 33.75 42.5 74 1.0
    33.75 33.75 42.5 74 1.0
    33.75 33.75 42.5 74 1.0
    33.75 33.75 41.5 74 1.0
    33.75 33.75 41.5 74 1.0
    33.75 33.75 41.5 74 1.0
    34.75 34.75 41.5 74 1.0
    34.75 34.75 40.5 74 1.0
    34.75 34.75 40.5 74 1.0
    34.75 34.75 40.5 74 1.0
    34.75 34.75 40.5 74 1.0
    34.75 34.75 39.5 74 1.0
    34.75 34.75 39.5 74 1.0
    34.75 34.75 39.5 74 1.0
    35.75 35.75 39.5 74 1.0
    35.75 35.75 38.5 74 1.0
    35.75 35.75 38.5 74 1.0
    35.75 35.75 38.5 74 1.0
    35.75 35.75 38.5 74 1.0
    35.75 35.75 37.5 74 1.0
    35.75 35.75 37.5 74 1.0
    35.75 35.75 37.5 74 1.0
    36.75 36.75 37.5 74 1.0
    36.75 36.75 36.5 74 1.0
L 148.0 148.0 148.0 296 1.0
    148.0 147.0 148.0 296 1.0
    149.0 146.0 149.0 296 1.0
    149.0 145.0 149.0 296 1.0
    150.0 144.0 150.0 296 1.0
    150.0 143.0 150.0 296 1.0
    151.0 142.0 151.0 296 1.0
    151.0 141.0 151.0 296 1.0
    152.0 140.0 152.0 296 1.0
    152.0 139.0 152.0 296 1.0
    153.0 138.0 153.0 296 1.0
    153.0 137.0 153.0 296 1.0
    154.0 136.0 154.0 296 1.0
    154.0 135.0 154.0 296 1.0
    155.0 134.0 155.0 296 1.0
    155.0 133.0 155.0 296 1.0
    156.0 132.0 156.0 296 1.0
    156.0 131.0 156.0 296 1.0
    157.0 130.0 157.0 296 1.0
    157.0 129.0 157.0 296 1.0
    158.0 128.0 158.0 296 1.0
    158.0 127.0 158.0 296 1.0
    159.0 126.0 159.0 296 1.0
    159.0 125.0 159.0 296 1.0
    160.0 124.0 160.0 296 1.0
    160.0 123.0 160.0 296 1.0
    161.0 122.0 161.0 296 1.0
    161.0 121.0 161.0 296 1.0
    162.0 120.0 162.0 296 1.0
    162.0 119.0 162.0 296 1.0
    163.0 118.0 163.0 296 1.0
    163.0 117.0 163.0 296 1.0
    164.0 116.0 164.0 296 1.0
    164.0 115.0 164.0 296 1.0
    165.0 114.0 165.0 296 1.0
    165.0 113.0 165.0 296 1.0
    166.0 112.0 166.0 296 1.0
    166.0 111.0 166.0 296 1.0
    167.0 110.0 167.0 296 1.0
    167.0 109.0 167.0 296 1.0
    168.0 108.0 168.0 296 1.0
    168.0 107.0 168.0 296 1.0
    169.0 106.0 169.0 296 1.0
    169.0 105.0 169.0 296 1.0
    170.0 104.0 170.0 296 1.0
    170.0 103.0 170.0 296 1.0
    171.0 102.0 171.0 296 1.0
    171.0 101.0 171.0 296 1.0
    172.0 100.0 172.0 296 1.0
    172.0 99.0 172.0 296 1.0
    173.0 98.0 173.0 296 1.0
    173.0 97.0 173.0 296 1.0
    174.0 96.0 174.0 296 1.0
    174.0 95.0 174.0 296 1.0
    175.0 94.0 175.0 296 1.0
    175.0 93.0 175.0 296 1.0
    176.0 92.0 176.0 296 1.0
    176.0 91.0 176.0 296 1.0
    177.0 90.0 177.0 296 1.0
    177.0 89.0 177.0 296 1.0
    178.0 88.0 178.0 296 1.0
    178.0 87.0 178.0 296 1.0
    179.0 86.0 179.0 296 1.0
    179.0 85.0 179.0 296 1.0
    180.0 84.0 180.0 296 1.0
    180.0 83.0 180.0 296 1.0
    181.0 82.0 181.0 296 1.0
    181.0 81.0 181.0 296 1.0
    182.0 80.0 182.0 296 1.0
    182.0 79.0 182.0 296 1.0
    183.0 78.0 183.0 296 1.0
    183.0 77.0 183.0 296 1.0
    184.0 76.0 184.0 296 1.0
    184.0 75.0 184.0 296 1.0
U 107.5 43.0 107.5 172 1.0
    106.5 43.0 107.5 172 1.0
    106.5 43.0 108.5 172 1.0
    105.5 43.0 108.5 172 1.0
    105.5 43.0 109.5 172 1.0
    104.5 43.0 109.5 172 1.0
    104.5 43.0 110.5 172 1.0
    103.5 43.0 110.5 172 1.0
    103.5 43.0 111.5 172 1.0
    102.5 43.0 111.5 172 1.0
    102.5 43.0 112.5 172 1.0
    101.5 43.0 112.5 172 1.0
    101.5 43.0 113.5 172 1.0
    100.5 43.0 113.5 172 1.0
    100.5 43.0 114.5 172 1.0
    99.5 43.0 114.5 172 1.0
    99.5 43.0 115.5 172 1.0
    98.5 43.0 115.5 172 1.0
    98.5 43.0 116.5 172 1.0
    97.5 43.0 116.5 172 1.0
    97.5 43.0 117.5 172 1.0
    96.5 43.0 117.5 172 1.0
    96.5 43.0 118.5 172 1.0
    95.5 43.0 118.5 172 1.0
    95.5 43.0 119.5 172 1.0
    94.5 43.0 119.5 172 1.0
    94.5 43.0 120.5 172 1.0
    93.5 43.0 120.5 172 1.0
    93.5 43.0 121.5 172 1.0
    92.5 43.0 121.5 172 1.0
    92.5 43.0 122.5 172 1.0
    91.5 43.0 122.5 172 1.0
    91.5 43.0 123.5 172 1.0
    90.5 43.0 123.5 172 1.0
    90.5 43.0 124.5 172 1.0
    89.5 43.0 124.5 172 1.0
    89.5 43.0 125.5 172 1.0
    88.5 43.0 125.5 172 1.0
    88.5 43.0 126.5 172 1.0
    87.5 43.0 126.5 172 1.0
    87.5 43.0 127.5 172 1.0
    86.5 43.0 127.5 172 1.0
    86.5 43.0 128.5 172 1.0
W 172.0 86.0 258.0 344 1.0
    172.0 85.0 257.0 344 1.0
    172.0 84.0 256.0 344 1.0
    172.0 83.0 255.0 344 1.0
    172.0 82.0 254.0 344 1.0
    172.0 81.0 253.0 344 1.0
    172.0 80.0 252.0 344 1.0
    172.0 79.0 251.0 344 1.0
    172.0 78.0 250.0 344 1.0
    172.0 77.0 249.0 344 1.0
    172.0 76.0 248.0 344 1.0
    172.0 75.0 247.0 344 1.0
    172.0 74.0 246.0 344 1.0
    172.0 73.0 245.0 344 1.0
    172.0 72.0 244.0 344 1.0
    172.0 71.0 243.0 344 1.0
    172.0 70.0 242.0 344 1.0
    172.0 69.0 241.0 344 1.0
    172.0 68.0 240.0 344 1.0
    172.0 67.0 239.0 344 1.0
    172.0 66.0 238.0 344 1.0
    172.0 65.0 237.0 344 1.0
    172.0 64.0 236.0 344 1.0
    172.0 63.0 235.0 344 1.0
    172.0 62.0 234.0 344 1.0
    172.0 61.0 233.0 344 1.0
    172.0 60.0 232.0 344 1.0
    172.0 59.0 231.0 344 1.0
    172.0 58.0 230.0 344 1.0
    172.0 57.0 229.0 344 1.0
    172.0 56.0 228.0 344 1.0
    172.0 55.0 227.0 344 1.0
    172.0 54.0 226.0 344 1.0
    172.0 53.0 225.0 344 1.0
    172.0 52.0 224.0 344 1.0
    172.0 51.0 223.0 344 1.0
    172.0 50.0 222.0 344 1.0
    172.0 49.0 221.0 344 1.0
    172.0 48.0 220.0 344 1.0
    172.0 47.0 219.0 344 1.0
    172.0 46.0 218.0 344 1.0
    172.0 45.0 217.0 344 1.0
    172.0 44.0 216.0 344 1.0
    172.0 43.0 215.0 344 1.0
    172.0 42.0 214.0 344 1.0
    172.0 41.0 213.0 344 1.0
    172.0 40.0 212.0 344 1.0
    172.0 39.0 211.0 344 1.0
    172.0 38.0 210.0 344 1.0
    172.0 37.0 209.0 344 1.0
    172.0 36.0 208.0 344 1.0
    172.0 35.0 207.0 344 1.0
    172.0 34.0 206.0 344 1.0
    172.0 33.0 205.0 344 1.0
    172.0 32.0 204.0 344 1.0
    172.0 31.0 203.0 344 1.0
    172.0 30.0 202.0 344 1.0
    172.0 29.0 201.0 344 1.0
    172.0 28.0 200.0 344 1.0
    172.0 27.0 199.0 344 1.0
    172.0 26.0 198.0 344 1.0
    172.0 25.0 197.0 344 1.0
    172.0 24.0 196.0 344 1.0
    172.0 23.0 195.0 344 1.0
    172.0 22.0 194.0 344 1.0
    172.0 21.0 193.0 344 1.0
    172.0 20.0 192.0 344 1.0
    172.0 19.0 191.0 344 1.0
    172.0 18.0 190.0 344 1.0
    172.0 17.0 189.0 344 1.0
    172.0 16.0 188.0 344 1.0
    172.0 15.0 187.0 344 1.0
    172.0 14.0 186.0 344 1.0
    172.0 13.0 185.0 344 1.0
    172.0 12.0 184.0 344 1.0
    172.0 11.0 183.0 344 1.0
    172.0 10.0 182.0 344 1.0
    172.0 9.0 181.0 344 1.0
    172.0 8.0 180.0 344 1.0
    172.0 7.0 179.0 344 1.0
    172.0 6.0 178.0 344 1.0
    172.0 5.0 177.0 344 1.0
    172.0 4.0 176.0 344 1.0
    172.0 3.0 175.0 344 1.0
    172.0 2.0 174.0 344 1.0
    172.0 1.0 173.0 344 1.0
X 172.0 0.0 172.0 344 1.0
END 
